# Created by Octave 4.4.1, Thu Nov 22 16:59:30 2018 GMT <unknown@PC-THIAGOPANINI>
# name: slice_target
# type: matrix
# rows: 10
# columns: 1
 399900
 329900
 369000
 232000
 539900
 299900
 314900
 198999
 212000
 242500


